295088 295089 295090 295091 - 0.0001 - 2.8550441442141772e-05
572770 846457 846458 846459 711264 85762 944595 640469 880291 846473 711261 846474 846475 846476 66265 846477 846478 846479 846480 846481 846482 846483 846484 846485 846486 17726 2816 2817 2818 2819 2820 - 0.012620833333333333 - 0.0019398865361132142
76280 76281 76282 76283 61955 61954 61953 61952 61951 61950 61932 61949 61948 - 0.005962500000000001 - 0.004280582856928531
476204 476205 476206 476207 476208 476209 476210 476211 476212 476213 476214 476215 - 0.017866666666666663 - 0.013192704498756086
425712 425713 425714 425715 425716 425717 425718 425719 425720 425721 - 0.006766666666666667 - 0.0018518096893015087
617256 617257 617258 617259 - 0.004866666666666667 - 0.0013416745295455478
583701 583702 583703 583704 583705 583706 583707 583708 583709 583710 583711 583712 583713 583714 583715 583716 - 0.01123333333333333 - 0.003066121067070302
567140 567141 567142 567143 567144 567145 567146 567147 567148 567149 567150 567151 567152 567153 567154 567155 - 0.0025000000000000005 - 0.000780899975708248
207900 207901 207902 207903 207904 207905 - 0.0036333333333333335 - 0.0009227968887084951
376201 376202 - 0.0013 - 0.00035431215630333894
293570 293571 293572 293573 293574 293575 293576 293577 293578 293579 211559 211560 211561 211562 211563 211564 - 0.0062 - 0.0016769188162892806
681216 681217 681218 681219 681220 681221 - 0.004499999999999999 - 0.0032729120305420925
263876 263877 263878 263879 - 0.006233333333333334 - 0.001670797856369959
77232 77233 - 0.0004333333333333333 - 0.00012611662258714453
780808 780809 780810 780811 780812 774474 774480 774481 92811 92812 92813 92814 92815 92816 92817 92818 - 0.012209090909090912 - 0.008307787802036322
490017 490018 485360 485361 485362 485363 485364 485365 485366 485367 485368 485369 - 0.012211111111111112 - 0.003156720238855609
455792 455793 455794 455795 455796 455797 455798 455799 455800 455801 455802 455803 455804 455805 455806 455807 - 0.0009125000000000001 - 0.0006852143935154908
693545 693546 693547 570079 - 0.0001375 - 0.00011137290180750099
603959 603960 603961 603962 603963 603964 - 0.014233333333333332 - 0.0033366900692482853
873158 873159 873160 873161 873162 873163 873164 873165 873166 873167 873168 873169 873170 873171 873172 873173 - 0.015775000000000004 - 0.009054358235714512
197788 197789 189745 189746 189747 189748 189749 186818 186819 186820 186821 186822 - 0.008633333333333335 - 0.002151927293151566
495066 495067 495068 495069 495070 495071 493989 493990 493991 493992 493993 493994 493995 493996 - 0.0143125 - 0.006135470233923087
338693 338694 338695 338696 338697 338698 338699 338700 338701 338702 338703 338704 338705 338706 338707 338708 - 0.004066666666666666 - 0.0011305355259396297
667136 667124 667125 667126 - 0.0043 - 0.0008515175426962777
296638 296639 296640 222493 - 0.0022 - 0.0005486421579976802
640512 640513 520513 520514 520515 520516 520517 520518 520519 520520 520521 520522 520523 520524 520525 520526 - 0.004947222222222223 - 0.003664815900863101
851811 625947 625948 625949 625950 625951 625952 625953 625954 625955 625956 625957 625958 625959 625960 625961 - 0.005083333333333333 - 0.002487622529200789
784353 784352 784311 784312 784313 784314 784315 623476 623475 623490 623489 623488 623487 623486 623485 623484 623483 623474 - 0.012587500000000001 - 0.002651500640338729
466081 466082 466083 466084 466085 466086 466087 466088 466089 466090 466091 466092 466093 466094 466095 466096 - 0.009162499999999995 - 0.006173600223903059
620793 620794 620795 620796 - 0.0011 - 0.0003126188407694277
35660 35661 35662 35829 35830 35831 35832 35833 35834 35835 35836 35766 35774 35775 35776 35777 - 0.008812499999999996 - 0.005137609832507369
167027 167028 167029 167030 167031 167032 167033 167034 167035 167036 167037 167038 167039 167040 167041 167042 - 0.0004999999999999997 - 0.0004569421757717874
280225 280226 280227 280228 280229 280230 - 0.0074666666666666675 - 0.0020590755965613065
24816 24815 24814 - 0.0006666666666666666 - 0.00019494574080548295
312016 312015 - 0.00023333333333333333 - 6.64661882159836e-05
72434 72435 72436 72437 72438 72439 72440 72441 - 0.011133333333333334 - 0.0030547361850112088
316814 316815 316816 316817 316818 316819 316820 316821 316822 316823 316824 316825 316826 316827 316828 316829 - 0.0032222222222222235 - 0.0026501498585599346
46006 46007 46008 46009 46010 46011 - 0.011336363636363637 - 0.01014250603982548
606565 606548 606549 606550 - 0.0022791666666666668 - 0.0009113025495893305
358693 358694 358695 358696 358697 358698 358699 358700 358701 358702 358703 358704 358705 358706 358707 358708 - 0.0061500000000000036 - 0.004288656988533115
841887 841888 841889 841890 402194 402195 402196 402197 402198 402199 402200 402201 402202 402203 402204 402205 - 0.007437499999999999 - 0.005353337810697445
282801 282800 - 0.0017666666666666666 - 0.00048296191815145863
119375 119376 119377 119378 119379 119380 - 0.003733333333333333 - 0.0009897124002467524
207201 207202 207203 207204 207205 207206 207207 207208 207209 207210 207211 207212 207213 207214 207215 207216 - 0.007666666666666667 - 0.0020631957896879894
637187 637188 637189 637190 637191 637192 637193 637194 637195 637196 637197 637096 - 0.004866666666666667 - 0.0012269987772792243
311820 311821 311822 311823 311824 311825 311826 311827 311828 311829 311830 311831 311832 311833 311834 311835 - 0.03293333333333333 - 0.008531314070578885
28942 28941 28940 - 0.0001125 - 8.773597878446857e-05
670137 670138 - 0.0037333333333333333 - 0.0010234410904571307
177649 177650 177651 177652 177653 177654 177655 177656 177657 177658 177659 177660 177661 177662 177663 177664 - 0.0038333333333333327 - 0.0011086791443792054
280092 280093 280094 280095 280096 280097 - 0.0015 - 0.0004333133996503445
195821 195822 - 0.0002666666666666667 - 8.054535255161447e-05
166574 166575 - 0.0022 - 0.000606230565529722
214106 214107 214108 214109 214110 214111 - 0.0012000000000000001 - 0.00034182617743025613
626634 542764 44788 542763 542762 542761 542760 542759 465333 465332 - 0.0017013888888888894 - 0.001082226552751625
18637 18638 18639 18640 18641 49977 49978 49979 49980 49981 49982 49983 49984 864172 864173 864174 - 0.006137499999999999 - 0.001438707741207554
585383 585384 585478 585479 585465 585466 585395 585394 - 0.0041333333333333335 - 0.0011471720017298954
253854 253855 253856 253857 253858 253859 253860 253861 253862 253863 - 0.0030333333333333323 - 0.0008170406232886852
588325 588100 588099 588098 - 0.00027499999999999996 - 9.775953212552576e-05
386209 386210 386211 386212 386213 386214 386215 386216 386217 386218 386219 386220 386221 386222 386223 386224 - 0.0008625000000000001 - 0.0007141610469445927
327537 327538 327539 327540 327541 327542 182336 182337 - 0.0022333333333333337 - 0.00047989308856066104
934967 934968 623909 623908 623907 623926 623925 623924 623923 623922 - 0.0006624999999999999 - 0.0003404057223822315
21485 21486 11016 21487 - 0.0032499999999999994 - 0.0023764057758482427
731416 731356 - 0.0010666666666666667 - 0.0002923388019831262
181945 181946 181947 181948 181949 181950 181951 181952 181953 181954 181955 181956 181957 181958 181959 181960 - 0.0033 - 0.0009864562261905083
877568 877569 877570 23813 23814 23815 23816 23817 23818 23819 23820 23821 23822 23823 23824 23825 - 0.0053909090909090894 - 0.005276984627880913
706364 933635 933636 933637 933638 605956 605957 605958 69474 69475 69458 69459 69460 69461 69462 69455 69456 69457 69618 - 0.011120833333333342 - 0.007732728286424102
324364 324365 324366 324367 324368 324369 324370 324371 324372 324373 324374 324375 324376 324377 324378 324379 - 0.0038333333333333305 - 0.001100830888213632
178533 178532 - 0.0007 - 0.00019707248109825633
315282 315283 315284 315285 315286 315287 315288 315289 315290 315291 315292 315293 315294 315295 315296 315297 - 0.003966666666666666 - 0.001118659035291151
841298 841297 841237 841296 - 0.0003 - 9.384693188844515e-05
379007 379008 379009 378665 378666 378667 - 0.008 - 0.0016475826144006147
196899 196900 196901 196902 196903 196904 196905 196906 196907 196908 196909 196910 - 0.003333333333333334 - 0.0008523141628224259
507262 507261 411802 411801 411800 411799 411798 411797 411796 411795 411794 411793 411792 411791 418245 418244 415134 - 0.006300000000000001 - 0.0036367208560746773
813819 813818 - 0.0018666666666666666 - 0.0005089285963811013
115942 115943 115944 115945 115946 115947 115948 115949 115950 115951 115952 115953 115954 115955 115956 115957 - 0.003833333333333333 - 0.0010743982726227031
155378 146227 146228 146229 146230 146231 146232 146233 146234 146235 146236 146237 146238 146239 119566 119567 - 0.00853030303030303 - 0.001233806512391892
725432 725431 24490 24489 24488 24487 653555 653556 653557 653558 850935 92925 92926 92927 92928 92929 92930 92921 92922 92923 24486 - 0.014850595238095236 - 0.00381281330790761
329219 329220 329221 329222 329223 329224 329225 329226 329227 195188 195189 195190 195191 195192 195193 195194 - 0.006533333333333336 - 0.001311622299012488
12334 12335 12336 12337 12338 12339 12340 12341 12342 12343 12344 12345 12346 12347 5227 12348 - 0.0034555555555555546 - 0.0027517141928716186
19679 19680 19681 19682 19683 19684 4500 4501 4502 4503 4504 933132 933133 933134 4578 4579 - 0.013370707070707071 - 0.010669379718693351
159824 159825 159826 159827 159828 159829 159830 159831 159832 159833 159834 159835 159836 159837 159838 159839 - 0.0035 - 0.0009808050852452652
179893 179894 179895 179896 179897 179898 179899 179900 179901 179522 179523 179524 179525 179526 179527 179528 - 0.005816666666666666 - 0.002712601499382379
834710 834709 - 0.00025555555555555553 - 0.00020893173196102977
890802 890803 890804 890805 890806 890807 890808 890809 553454 553447 553448 553449 553450 16528 - 0.008962500000000002 - 0.0012175044852879766
448151 448152 448153 448154 448155 448156 448157 448158 448159 448160 448161 448162 448163 448164 448165 448166 - 0.0048000000000000004 - 0.001289298866913085
145475 145476 145477 145478 145479 145480 145481 145482 145483 145484 145485 145486 145487 145488 145489 145490 - 0.005000000000000001 - 0.0013607738172040592
617687 617688 617689 617690 617691 617686 - 0.0163 - 0.004426208729677112
719006 719007 719008 719009 719010 719011 719012 719013 719014 719015 719016 719017 719018 719019 719020 719021 - 0.02335555555555555 - 0.01902979481970746
145654 145655 145656 145657 145658 145659 145660 145661 145662 145663 - 0.0012000000000000001 - 0.0003400144123600569
774345 774346 774347 774348 774349 774350 774351 774352 774168 774169 - 0.006233333333333332 - 0.0012881094342359547
732676 732677 220180 220181 220182 220183 220184 220185 220186 220187 220188 220189 220190 220191 220192 220193 - 0.00787272727272727 - 0.0073876991247027075
528297 528298 528299 528300 528301 528302 528303 528304 528305 528306 528307 528308 528309 528310 478752 478753 - 0.020529166666666664 - 0.004219874508894711
158764 158765 - 0.0007333333333333333 - 0.00020229061597477354
525431 525432 525433 526291 526288 525199 525198 525210 525209 525208 525207 525206 525194 525193 525192 524690 524689 - 0.015809999999999994 - 0.0035474870602655267
201036 201037 201038 201039 201040 183208 183209 183210 183211 183212 - 0.002695833333333333 - 0.0007365784489880614
14602 14603 14588 14589 14590 14537 14538 14539 - 0.010404166666666667 - 0.0029044581458457434
331637 331638 331639 331640 331641 331642 331643 331644 331645 331646 331647 331648 331649 331650 331651 331652 - 0.0018874999999999996 - 0.0013705280972837932
370342 370350 370349 370348 - 0.004833333333333334 - 0.0009044063822996382
197169 197170 197171 197172 197173 197174 197175 197176 197177 197178 197179 197180 197181 197182 197183 197184 - 0.0014124999999999988 - 0.0010071593257086774
789356 789357 789358 789359 789360 789361 789362 789363 - 0.010733333333333333 - 0.0024803716055725117
